23030203016
23030203016
23030203016
23030203016
23030203016
23030203016
23030203016
23030203016
23030203016
23030203016
23030203016
23030203016
23030203016
23030203016
23030203016
23030203016
23030203016
23030203016
23030203016
23030203016
23030203016
23030203016
23030203016
23030203016
23030203016
23030203016
23030203016
23030203016
23030203016
23030203016
23030203016
01001245001
23030203016
01001245002
01001245002
01001245002
23030203016
23030203016
23030203016
01006213116
01006213116
01006213116
01006213116
01006213116
01006213116
01006213116
01001233034
